.Random.seed <-
c(403L, 10L, -633321652L, -901956190L, -389501699L, -599412233L, 
511819550L, 1502650840L, -349054149L, 1308306649L, 46260328L, 
1709557142L, 2010365201L, -24047933L, 743689938L, 102946660L, 
983501479L, -900410371L, -1033771532L, -603053350L, 1967887397L, 
-1079436993L, 823369414L, -786599088L, -45380749L, 570269073L, 
-1531543616L, 1202215326L, 654001001L, -1647896677L, -1323909462L, 
1451694284L, -1601869425L, 1079320005L, -537706116L, 929419730L, 
1114926413L, -1129459705L, -1426604050L, -2020669752L, -228951605L, 
-640914391L, -136562056L, 773531558L, -1240419903L, 436332115L, 
-1151554302L, 88955956L, 1349025207L, -1793125971L, 1682911940L, 
2049812202L, 1288997205L, 1521295087L, -1825809162L, -333820896L, 
-260911645L, -1347342719L, 513673456L, 1148225422L, 355285241L, 
-744381813L, 984195770L, 1657408956L, -693291265L, 1171110485L, 
-1415316116L, -841124414L, 2109453853L, -1029001577L, -986404866L, 
-1298123848L, 120631195L, -825264647L, -589564600L, -1869315978L, 
1636462001L, -392145949L, -662433614L, 562691332L, -528736697L, 
724887837L, -1753356396L, -941921478L, 995555205L, -1190878113L, 
-1519505690L, -45886096L, -1183375725L, 1241409329L, 1130356192L, 
-1458009474L, -728753911L, -1906132165L, -1050537206L, -685360404L, 
1617868655L, -2050033499L, 665449052L, 2134245938L, 2141595949L, 
-1555320857L, -917678322L, 1633781992L, -37578005L, 1230746505L, 
-559034600L, -452054458L, -683347295L, 236352819L, -610300766L, 
-1499896940L, -1254655465L, -1396113907L, -1378198748L, -1974221046L, 
-175486347L, -1119929905L, 219513558L, 541910656L, 519694531L, 
-1241299359L, 255368912L, -1629812690L, 1728822745L, 1545658859L, 
1515611226L, -736240100L, 1771564831L, 1241367413L, 108882444L, 
-1862931486L, -598468419L, -767916233L, -423145506L, 177863960L, 
-1224191877L, 482985497L, 1467739816L, -582509482L, -1637664559L, 
182445187L, -296122606L, -62152028L, 2122870375L, -373039171L, 
-1759784652L, -1206168934L, -340193051L, 1452282495L, 1140972550L, 
1239854992L, -1130507725L, -1090729519L, -1475110016L, -931637666L, 
-511767127L, -680223653L, 1554449514L, -498041588L, -2124275889L, 
-1076667387L, -1010482500L, 675713938L, 1836503181L, -1154062649L, 
1831759790L, -440559096L, 1673780747L, -586230039L, 140587448L, 
2078363238L, 460950273L, -819798637L, -157223358L, 1256073716L, 
1171985399L, 357918701L, 194707588L, 941938346L, -1517974507L, 
1685470383L, 811791030L, 69251296L, -252183517L, -563870911L, 
-132477392L, -1163187122L, 994665657L, 717086923L, 1450282362L, 
1651232892L, -512461633L, 300679573L, -1763571284L, -909304958L, 
805445981L, -512221097L, -653543618L, 2085928824L, 1834521691L, 
-1972165703L, -1021451768L, -497678154L, 1032761329L, 1746410019L, 
1954189938L, -424572732L, -598172025L, 1137071709L, -629671852L, 
-746648966L, 542568901L, -1100176609L, -273772890L, 1711677488L, 
1218118355L, -609437455L, -48315360L, 673825470L, 1248175817L, 
1143039099L, 1528519242L, 968285868L, -327280209L, 1229222245L, 
-160653540L, 1046397810L, 1109835757L, 1684017040L, -1571326484L, 
2060828756L, -982532462L, -548242656L, 1478307276L, 1219714016L, 
417727170L, -904324568L, 131112620L, -1689324868L, -132525582L, 
-1149613776L, 830868644L, -1434778952L, -1159271590L, 525831568L, 
-333532804L, -2077717228L, -2140165822L, -241859840L, -231138372L, 
36387664L, 732922146L, 911727944L, 1984034828L, -919652260L, 
-1395415854L, 1709787136L, 311163732L, 1895113192L, 1936463866L, 
1921685200L, 1608639788L, -2030991116L, -1874344046L, 29588576L, 
-132383476L, 495470304L, -813343390L, 1874641576L, 1512233548L, 
1831286652L, 583396146L, 358202992L, 1873034564L, -786072616L, 
-1512714118L, -582244816L, 1368853180L, -1102157996L, 726194754L, 
1854712736L, -1040807748L, 2018189776L, -1936013982L, -1767910424L, 
247166924L, -52349188L, -642134030L, -482943872L, 1597888756L, 
87553160L, 470639930L, 949076816L, -1261171604L, -2050932588L, 
-1631479470L, 2001321696L, -1036422964L, -1465648992L, -2092123774L, 
364165352L, -1204782868L, -1646905284L, -246218638L, 1998973040L, 
1205617188L, 889848376L, 937429530L, 125661392L, -1963100612L, 
-1235563372L, -1215343486L, 1313769408L, -1339806404L, 475405968L, 
902050850L, -643297272L, -2093867892L, 1227849756L, -1275820910L, 
1784622208L, -341400556L, -1552948440L, -85019590L, -1010750256L, 
1158681708L, -1330760012L, -168640494L, 1567031264L, 1156049868L, 
637541856L, 1908624418L, 1351488808L, -936609524L, 1675578940L, 
213173490L, 1401362672L, -2033412284L, 455888984L, -1730911686L, 
1071384816L, -181591364L, 1132251668L, -1158017854L, -1514727840L, 
1842275708L, -390224688L, -1337322462L, -1038653272L, -160785012L, 
-831323716L, 1530578994L, -290303168L, -988897612L, -1748758200L, 
2086572730L, -808788208L, -218898196L, 489175124L, -2099624174L, 
305086880L, 1876010956L, 207724384L, 1738345666L, -763507160L, 
-669357652L, 1088299836L, 1535230834L, 789516080L, -115498972L, 
-1056940488L, -231853350L, 1374631824L, -1142270724L, 420146580L, 
1124959042L, -1111291392L, 2042644540L, 1426203216L, -1495785310L, 
1875370824L, -1116423668L, 937220828L, -1086017454L, -1988686720L, 
-515127468L, 946348008L, -1975078150L, 805283664L, 345228332L, 
-1871214220L, -1092923758L, -2039725472L, -914968436L, -526986912L, 
-2104624926L, -1039864664L, 820164300L, -66455044L, -443323470L, 
50840560L, 2099233220L, -74252968L, 1254207866L, -46190160L, 
1233955260L, 771415636L, 307706306L, -1571904736L, 694293436L, 
1845178448L, -1325589534L, 1315848040L, -1455179956L, -26939652L, 
47818482L, -110158592L, 1919802484L, 1459670536L, 212346298L, 
1182590416L, -1519196180L, -118084716L, -1752004398L, 1291826272L, 
1387162956L, -1712663776L, -561837438L, 95506920L, -1885971476L, 
-568439236L, 288441970L, -783144080L, -155964124L, 109189688L, 
1939538330L, 209989072L, -424786500L, -265179500L, -751357310L, 
1022602688L, 348591932L, -1174207856L, -1210226910L, 1534494216L, 
936993548L, -17525860L, 291707922L, -590140544L, 1384704788L, 
171308328L, 2042462266L, 899888080L, 397359724L, -1029239756L, 
243617573L, 97305794L, 1846972848L, 1091709401L, -1372207285L, 
-1877226052L, 999054826L, -1019287009L, -414711639L, -1676416962L, 
-2017212116L, 633234301L, -1628882489L, -1404322640L, -1175684402L, 
2050043899L, 437172317L, 1894678410L, -1599721560L, 2119222545L, 
-1410417661L, 517355268L, 1274690354L, -882673273L, 872488913L, 
-423767722L, -148959436L, 1125102149L, 2129272463L, -400304120L, 
845311014L, -443652909L, 1549952565L, -1824465518L, -1142873760L, 
1640446153L, 829856763L, 1192958924L, 715413082L, 1834040143L, 
302527001L, -907751378L, 1289985596L, -878799955L, 1775934551L, 
-1991648864L, -1258061058L, 1541345739L, -747743283L, -1154082054L, 
-489127624L, -961123615L, 1225629075L, 815121844L, 1618908866L, 
1106507479L, -1615661279L, -545362202L, -727111708L, 2065340181L, 
-2003136705L, -892622120L, 535564022L, -1386731261L, 781220421L, 
50395746L, -116418096L, 205080313L, 1139741739L, 1373623196L, 
-1013937206L, 842908863L, 861169161L, 1299984158L, -2017339700L, 
593966749L, 794657575L, -1075008176L, 1671549934L, -1644405605L, 
447788797L, 1156660714L, -593703288L, 2118187057L, 1711358627L, 
862358180L, 1000135506L, -1008618841L, -788951311L, 1616731702L, 
937312980L, 465114725L, 857719919L, 521387688L, -1887167482L, 
402172211L, -84232811L, -1461741070L, -1371023808L, 1850996649L, 
1482750491L, -2013998100L, 822162426L, -2119647185L, 1005514809L, 
1550746190L, 1445741212L, -2108078067L, 1362646135L, 694027392L, 
729699038L, 529400235L, 1870707373L, 1837309722L, 1450917848L, 
1465224257L, -234489101L, -937706220L, -2088662878L, 815908279L, 
-1438164607L, 616390534L, -2081796668L, -80859915L, -1363196577L, 
381642680L, -1623766378L, -2025917277L, -127381915L, 1274887042L, 
2036726000L, 511533209L, 1571862667L, -1388994180L, 1411440554L, 
-2084528161L, -1044591255L, 1625829758L, 1528570220L, -1807705667L, 
